2242.99065
2242.99065
2242.99065
2242.99065
2243.53178
2246.51039
2249.48900
2252.46761
2255.44622
2258.42483
2261.40344
2264.38205
2267.36066
2270.33927
2273.31788
2276.29649
2279.27510
2282.25371
2285.23232
2288.21093
2291.18954
2294.16815
2297.14676
2300.12538
2303.10399
2306.08260
2309.06121
2312.03982
2315.01843
2317.99704
2320.97565
2323.95426
2326.93287
2329.91148
2332.89009
2335.86870
2344.01438
2353.40923
2362.80407
2372.19892
2381.59377
2390.98862
2400.38346
2409.77831
2419.17316
2428.56800
2437.96285
2447.35770
2456.75255
2466.14739
2475.54224
2484.93709
2494.33194
2503.72678
2513.12163
2522.51648
2544.33208
2567.38006
2590.42803
2613.47601
2636.52399
2659.57197
2682.61994
2705.66792
2728.71590
2751.76388
2774.81185
2797.85983
2820.90781
2843.95579
2867.00376
2890.05174
2913.09972
2936.14770
2959.19567
2982.24365
3015.28719
3054.07411
3092.86103
3131.64795
3170.43487
3209.22179
3248.00871
3286.79563
3325.58255
3364.36947
3403.15638
3441.94330
3480.73022
3519.51714
3558.30406
3597.09098
3635.87790
3674.66482
3713.45174
3752.23866
3791.02558
3829.81250
3868.59942
3907.38634
3961.22449
4027.89116
4094.55782
4161.22449
4227.89116
4294.55782
4361.22449
4427.89116
4494.55782
4561.22449
4627.89116
4694.55782
4761.22449
4839.26310
4918.24986
4997.23661
5076.22337
5155.21013
5234.19689
5313.18365
5392.17041
5471.15717
5550.14393
5629.13069
5708.11744
5787.10420
5866.09096
5945.07772
6024.06448
6103.05124
6182.03800
6261.02476
6340.01151
6418.99827
6497.98503
6576.97179
6655.95855
6737.29527
6847.35611
6957.41694
7067.47777
7177.53861
7287.59944
7397.66027
7507.72110
7617.78194
7727.84277
7837.90360
7947.96444
8058.02527
8168.08610
8278.14693
8388.20777
8502.85714
8618.71921
8734.58128
8850.44335
8966.30542
9082.16749
9198.02956
9313.89163
9429.75369
9545.61576
9661.47783
9777.33990
9893.20197
10009.06404
10128.12373
10255.75906
10383.39438
10511.02971
10638.66504
10766.30037
10893.93569
11021.57102
11149.20635
11276.84168
11404.47700
11532.11233
11659.74766
11787.38299
11915.01832
12042.65364
12170.28897
12297.92430
12385.68088
12456.19716
12526.71344
12597.22972
12667.74600
12738.26228
12808.77856
12879.29484
12949.81112
13020.32740
13090.84368
13161.35996
13231.87624
13302.39252
13372.90880
13443.42508
13513.94136
13584.45764
13654.97392
13725.49020
13734.98780
13730.91740
13726.84700
13722.77660
13718.70619
13714.63579
13710.56539
13706.49499
13702.42459
13698.35419
13694.28379
13690.21338
13686.14298
13682.07258
13678.00218
13673.93178
13669.86138
13665.79098
13661.72058
13657.65017
13653.57977
13649.50937
13645.43897
13595.38148
13537.69527
13480.00906
13422.32284
13364.63663
13306.95042
13249.26421
13191.57799
13133.89178
13076.20557
13018.51936
12960.83314
12903.14693
12845.46072
12787.77451
12730.08830
12672.40208
12614.71587
12557.02966
12499.34345
12441.65723
12358.11405
12267.95644
12177.79882
12087.64121
11997.48360
11907.32598
11817.16837
11727.01076
11636.85314
11546.69553
11456.53792
11366.38030
11276.22269
11186.06507
11095.90746
11005.74985
10915.59223
10826.08752
10739.68233
10653.27715
10566.87196
10480.46677
10394.06159
10307.65640
10221.25122
10134.84603
10048.44084
9962.03566
9875.63047
9789.22528
9702.82010
9616.41491
9530.00972
9443.60454
9357.19935
9270.79417
9181.65739
9091.77858
9001.89977
8912.02096
8822.14216
8732.26335
8642.38454
8552.50573
8462.62692
8372.74812
8282.86931
8192.99050
8103.11169
8013.23289
7923.35408
7833.47527
7743.59646
7653.71765
7563.83885
7473.96004
7384.08123
7294.20242
7204.05872
7113.90110
7023.74349
6933.58588
6843.42826
6753.27065
6663.11304
6572.95542
6482.79781
6392.64019
6302.48258
6212.32497
6122.16735
6032.00974
5941.85213
5851.69451
5761.53690
5673.57301
5590.10728
5506.64155
5423.17583
5339.71010
5256.24437
5172.77864
5089.31291
5005.84719
4922.38146
4838.91573
4755.45000
4671.98428
4588.51855
4505.05282
4436.86561
4373.20341
4309.54121
4245.87901
4182.21681
4118.55461
4054.89241
3991.23021
3927.56801
3863.90581
3800.24361
3736.58140
3672.91920
3609.25700
3545.59480
3481.93260
3418.27040
3356.37091
3304.06938
3251.76785
3199.46631
3147.16478
3094.86324
3042.56171
2990.26017
2937.95864
